% 10 Machine 39 Bus System Data
Bus.con = [...
1     345    1    0;
2     345    1    0; 
3     345    1    0;
4     345    1    0;
5     345    1    0;
6     345    1    0;
7     345    1    0;
8     345    1    0;
9     345    1    0;
10    345    1    0;
11    345    1    0;
12    345    1    0;
13    345    1    0;
14    345    1    0;
15    345    1    0;
16    345    1    0;
17    345    1    0;
18    345    1    0;
19    345    1    0;
20    345    1    0;
21    345    1    0;
22    345    1    0;
23    345    1    0;
24    345    1    0;
25    345    1    0;
26    345    1    0;
27    345    1    0;
28    345    1    0;
29    345    1    0;
30    13.8     1    0;
31    13.8     1    0;
32    13.8     1    0;
33    13.8     1    0;
34    13.8     1    0;
35    13.8     1    0;
36    13.8     1    0;
37    13.8     1    0;
38    13.8     1    0;
39    13.8     1    0]; 
Line.con = [...
1    2    100   345   60   0   0      0.0035  0.0411  0.6987    0   0   0   0    1; 
1    39   100   345   60   0   0      0.0010  0.0250  0.7500    0   0   0  0    1;
2    3    100   345   60   0   0      0.0013  0.0151  0.2572    0   0   0  0    1;
2    25   100   345   60   0   0      0.0070  0.0086  0.1460    0   0   0  0    1;
3    4    100   345   60   0   0      0.0013  0.0213  0.2214    0   0   0  0    1;
3    18   100   345   60   0   0      0.0011  0.0133  0.2138    0   0   0  0    1;
4    5    100   345   60   0   0      0.0008  0.0128  0.1342    0   0   0  0    1;
4    14   100   345   60   0   0      0.0008  0.0129  0.1382    0   0   0  0    1;
5    6    100   345   60   0   0      0.0002  0.0026  0.0434    0   0   0  0    1;
5    8    100   345   60   0   0      0.0008  0.0112  0.1476    0   0   0  0    1;
6    7    100   345   60   0   0      0.0006  0.0092  0.113     0   0   0  0    1;
6    11   100   345   60   0   0      0.0007  0.0082  0.1389    0   0   0  0    1;
7    8    100   345   60   0   0      0.0004  0.0046  0.0780    0   0   0  0    1;
8    9    100   345   60   0   0      0.0023  0.0363  0.3804    0   0   0  0    1;
9    39   100   345   60   0   0      0.0010  0.0250  1.2000    0   0   0  0    1;
10   11   100   345   60   0   0      0.0004  0.0043  0.0729    0   0   0  0    1;
10   13   100   345   60   0   0      0.0004  0.0043  0.0729    0   0   0  0    1;
13   14   100   345   60   0   0      0.0009  0.0101  0.1723    0   0   0  0    1;
14   15   100   345   60   0   0      0.0018  0.0217  0.3660    0   0   0  0    1;
15   16   100   345   60   0   0      0.0009  0.0094  0.1710    0   0   0  0    1;
16   17   100   345   60   0   0      0.0007  0.0089  0.1342    0   0   0  0    1;
16   19   100   345   60   0   0      0.0016  0.0195  0.3040    0   0   0  0    1;
16   21   100   345   60   0   0      0.0008  0.0135  0.2548    0   0   0  0    1;
16   24   100   345   60   0   0      0.0003  0.0059  0.0680    0   0   0  0    1;
17   18   100   345   60   0   0      0.0007  0.0082  0.1319    0   0   0  0    1;
17   27   100   345   60   0   0      0.0013  0.0173  0.3216    0   0   0  0    1;
21   22   100   345   60   0   0      0.0008  0.0140  0.2565    0   0   0  0    1;
22   23   100   345   60   0   0      0.0006  0.0096  0.1846    0   0   0  0    1;
23   24   100   345   60   0   0      0.0022  0.0350  0.3610    0   0   0  0    1;
25   26   100   345   60   0   0      0.0032  0.0323  0.5130    0   0   0  0    1;
26   27   100   345   60   0   0      0.0014  0.0147  0.2396    0   0   0  0    1;
26   28   100   345   60   0   0      0.0043  0.0474  0.7802    0   0   0  0    1;
26   29   100   345   60   0   0      0.0057  0.0625  1.0290    0   0   0  0    1;
28   29   100   345   60   0   0      0.0014  0.0151  0.2490    0   0   0  0    1;
12   11   100   345   60   0   1      0.0016  0.0435     0    1.0060      0   0  0    1;
12   13   100   345   60   0   1      0.0016  0.0435     0    1.0060      0   0  0    1;
6    31   100   345   60   0  25      0.0000  0.0250     0    1.0700      0   0  0    1;
10   32   100   345   60   0  25      0.0000  0.0200     0    1.0700      0   0  0    1;
19   33   100   345   60   0  25      0.0007  0.0142     0    1.0700      0   0  0    1;
20   34   100   345   60   0  25      0.0009  0.0180     0    1.0090      0   0  0    1;
22   35   100   345   60   0  25      0.0000  0.0143     0    1.0250      0   0  0    1;
23   36   100   345   60   0  25      0.0005  0.0272     0    1.0000      0   0  0    1;
25   37   100   345   60   0  25      0.0006  0.0232     0    1.0250      0   0  0    1;
2    30   100   345   60   0  25      0.0000  0.0181     0    1.0250      0   0  0    1;
29   38   100   345   60   0  25      0.0008  0.0156     0    1.0250      0   0  0    1;
19   20   100   345   60   0   1      0.0007  0.0138     0    1.0600      0   0  0    1;
];
SW.con = [...
31  100  13.8   0.9820   0   4.6326   -4.6326  1.1  1.05  0.95  1   1   1  ];
PV.con = [...
30  100  13.8    2.5      1.0475    99   -99   1.2   0.8   1   1;
32  100  13.8    6.5      0.9831    99   -99   1.2   0.8   1   1 ;
33  100  13.8    6.32     0.9972    99   -99   1.2   0.8   1   1 ;
34  100  13.8    5.08     1.0123    99   -99   1.2   0.8   1   1 ;
35  100  13.8    6.5      1.0493    99   -99   1.2   0.8   1   1 ;
36  100  13.8    5.6      1.0635    99   -99   1.2   0.8   1   1 ;
37  100  13.8    5.4      1.0278    99   -99   1.2   0.8   1   1;
38  100  13.8    8.3      1.0265    99   -99   1.2   0.8   1   1;
39  100  13.8    10       1.0300    99   -99   1.2   0.8   1   1];
PQ.con = [...
 3   100  345  3.22   0.024  1.2  0.8  0   1;  
 4   100  345  5.00   1.84   1.2  0.8  0   1; 
 7   100  345  2.338  0.84   1.2  0.8  0   1; 
 8   100  345  5.22   1.76   1.2  0.8  0   1; 
 12  100  345  0.075  0.88   1.2  0.8  0   1; 
 15  100  345  3.20   1.53   1.2  0.8  0   1; 
 16  100  345  3.29   0.323  1.2  0.8  0   1; 
 18  100  345  1.58   0.300  1.2  0.8  0   1; 
 20  100  345  6.28   1.03   1.2  0.8  0   1; 
 21  100  345  2.74   1.15   1.2  0.8  0   1; 
 23  100  345  2.475  0.846  1.2  0.8  0   1; 
 24  100  345  3.086  -0.92  1.2  0.8  0   1; 
 25  100  345  2.24   0.472  1.2  0.8  0   1; 
 26  100  345  1.39   0.17   1.2  0.8  0   1; 
 27  100  345  2.81   0.755  1.2  0.8  0   1; 
 28  100  345  2.06   0.276  1.2  0.8  0   1; 
 29  100  345  2.835   0.269  1.2  0.8  0   1;
 31  100  13.8  0.092  0.046  1.2  0.8  0   1;
 39  100  13.8  11.04  2.500  1.2  0.8   0   1;
 ];


Syn.con = [...
30   100   13.8   60    4   0.0   0    0.1      0.031    0   10.2  0   0.069   0.008   0   0.5   0  84    0  0  0  1  1  0  0  0  1  1;
31   100   13.8   60    4   0.0   0    0.295    0.0697   0   6.56  0   0.282   0.170   0   1.5   0  60.6  0  0  0  1  1  0  0  0  1  1;
32   100   13.8   60    4   0.0   0    0.2495   0.0531   0   5.7   0   0.237   0.0876  0   1.5   0  71.6  0  0  0  1  1  0  0  0  1   1;
33   100   13.8   60    4   0.0   0    0.262    0.0436   0   5.69  0   0.258   0.166   0   1.5   0  57.2  0  0  0  1  1  0  0  0  1  1; 
34   100   13.8   60    4   0.0   0    0.67     0.132    0   5.4   0   0.62    0.166   0   0.44  0  52    0  0  0  1  1  0  0  0  1   1;
35   100   13.8   60    4   0.0   0    0.254    0.05     0   7.3   0   0.241   0.0814  0   0.4   0  69.6  0  0  0  1  1  0  0  0  1   1;
36   100   13.8   60    4   0.0   0    0.295    0.049    0   5.66  0   0.292   0.186   0   1.5   0  52.8  0  0  0  1  1  0  0  0  1   1; 
37   100   13.8   60    4   0.0   0    0.290    0.057    0   6.7   0   0.280   0.0911  0   0.41  0  48.6  0  0  0  1  1  0  0  0  1   1;
38   100   13.8   60    4   0.0   0    0.2106   0.057    0   4.79  0   0.205   0.0587  0   1.96  0  69    0  0  0  1  1  0  0  0  1   1;
39   100   13.8   60    4   0.0   0    0.02     0.006    0   7.0   0   0.019   0.008   0   0.7   0  1000  0  0  0  1  1  0  0  0  1   1;
];



